0101111110
1101110110
0100110000
1000111100
1011010101
1001011010
1011010100
0100110010
0101101111
0010101110
1101110011
1011100101
1011011100
0001110010
0011111100
0100110001
0011111000
1011010001
0111110001
1011001010
0011110111
0111111100
0100010101
1001010100
1100110010
1011001110
0100110011
0100011110
0001101101
0010011001
0110001101
0101111100
1101110110
1011010110
0100110010
0101101111
0010101100
1101110011
1011100111
1011011100
0001110010
0011111100
0100110001
0011111010
1011010001
0111110001
1011001010
0011110111
0111111100
0100010101
1001010100
1100110000
1011001100
0100110001
0100011100
0001101101
0010011001
0110001101
0111011011
0110111000
0001001100
1001000100
0011010011
0111010111
1001001000
1001010111
0100100101
1001010101
0100100101
1101001000
1010001000
0101111110
1101110110
0100110000
1000111100
1011010101
1001011000
1011010100
0100110010
0101101111
0010101100
1101110011
1011100111
1011011100
0001110010
0011111100
0100110001
0011111000
1011010001
0111110001
0100110001
0011111010
1011010001
0111110001
1001011000
1011010110
0100110000
0101101111
0001110000
0100110011